63
7
21

-1.0, 0.0, 1.0, 0.0, -1.0, -2.0, 0.0, 0.0, 0.0, 1.0, 2.0, 0.0, 0.0, 0.0, 0.0, 0.0, 1.0, 1.0, 1.0, 0.0, 0.0, 0.0, 0.0, 1.0, 1.0, 2.0, 0.0, 0.0, 0.0, -1.0, 1.0, 0.0, 1.0, -1.0, 1.0, 0.0, 1.0, 1.0, 2.0, 2.0, 1.0, 0.0, 0.0, 0.0, 1.0, 0.0, 1.0, 1.0, 0.0, 0.0, 0.0, 1.0, 1.0, 0.0, 1.0, 0.0, 0.0, 1.0, 0.0, -1.0, 0.0, 0.0, 2.0, 
A
1, -1, -1, -1, -1, -1, -1, 
1.5, 2.5, 0.5, -0.5, 0.5, 0.5, -1.5, 0.5, 1.5, 1.5, 0.5, 0.5, -0.5, 3.5, -0.5, 2.5, 1.5, -0.5, 1.5, 0.5, 3.5, -0.5, 2.5, 0.5, 2.5, 1.5, 1.5, 2.5, -0.5, 1.5, 1.5, 2.5, 1.5, 2.5, 1.5, -0.5, 1.5, -0.5, 0.5, 0.5, -0.5, 3.5, -0.5, 0.5, 1.5, 0.5, 1.5, -0.5, 3.5, 0.5, -0.5, 1.5, 1.5, 0.5, -1.5, 3.5, 0.5, 1.5, -0.5, 0.5, -0.5, 0.5, -0.5, 
B
-1, 1, -1, -1, -1, -1, -1, 
-3.5, -2.5, 0.5, -0.5, -0.5, -2.5, 2.5, -0.5, 3.5, 2.5, 1.5, 1.5, 1.5, 2.5, 3.5, -0.5, 2.5, 0.5, 2.5, 0.5, 0.5, 3.5, -0.5, -0.5, 1.5, 0.5, -0.5, -0.5, 3.5, -3.5, -1.5, -0.5, -1.5, -1.5, 0.5, 3.5, -1.5, 0.5, 1.5, 1.5, -0.5, -1.5, 3.5, -2.5, 2.5, 1.5, 2.5, -0.5, 0.5, -0.5, 0.5, 2.5, 2.5, 1.5, 0.5, 1.5, -4.5, -3.5, -1.5, -0.5, -1.5, -1.5, 0.5, 
C
-1, -1, 1, -1, -1, -1, -1, 
4.0, 5.0, 0.0, -1.0, -1.0, -6.0, -3.0, 3.0, 0.0, 3.0, 2.0, 2.0, 5.0, -3.0, -1.0, 4.0, 3.0, 1.0, 3.0, 1.0, 4.0, -1.0, 4.0, 0.0, 2.0, 1.0, 0.0, 7.0, -1.0, 1.0, -1.0, 0.0, -1.0, -1.0, 8.0, -1.0, 3.0, 1.0, 2.0, 2.0, 0.0, 6.0, -1.0, 2.0, 3.0, 2.0, 3.0, 0.0, 4.0, 3.0, -3.0, 3.0, 3.0, 2.0, 4.0, -2.0, 3.0, 4.0, -2.0, -1.0, -2.0, -5.0, 1.0, 
D
-1, -1, -1, 1, -1, -1, -1, 
3.0, 4.0, -1.0, -1.0, 0.0, 5.0, 8.0, 5.0, -1.0, 5.0, 3.0, 3.0, -6.0, 4.0, 1.0, 3.0, 4.0, 2.0, 5.0, 3.0, -6.0, 1.0, 3.0, 2.0, 8.0, 4.0, 2.0, -3.0, 1.0, 5.0, 8.0, 11.0, 9.0, 0.0, -2.0, 1.0, 1.0, 2.0, 4.0, 3.0, 1.0, -4.0, 0.0, 1.0, 5.0, 4.0, 3.0, 2.0, -7.0, 4.0, -4.0, 5.0, 5.0, 4.0, -8.0, 4.0, 1.0, 2.0, -3.0, 0.0, -1.0, 5.0, 11.0, 
E
-1, -1, -1, -1, 1, -1, -1, 
-11.0, -10.0, -15.0, -12.0, -7.0, 0.0, 1.0, 1.0, -5.0, 11.0, 8.0, 9.0, 9.0, 0.0, -3.0, -1.0, 10.0, 7.0, 7.0, 18.0, 0.0, -3.0, -1.0, 3.0, 4.0, 5.0, 17.0, 3.0, -3.0, -9.0, -3.0, 1.0, 0.0, 15.0, 4.0, -3.0, -4.0, 8.0, 4.0, 9.0, 15.0, 2.0, -4.0, 2.0, 10.0, 9.0, 8.0, 16.0, -1.0, 0.0, 0.0, 11.0, 11.0, 10.0, 6.0, 0.0, -13.0, -13.0, -8.0, -5.0, -6.0, -10.0, -3.0, 
J
-1, -1, -1, -1, -1, 1, -1, 
4.0, 1.0, -4.0, -19.0, -18.0, 1.0, 2.0, 4.0, 6.0, 10.0, 7.0, 17.0, 1.0, -1.0, 0.0, 10.0, 9.0, 15.0, 13.0, 3.0, -1.0, 0.0, 10.0, 11.0, 10.0, 4.0, 2.0, 2.0, 0.0, 6.0, 8.0, 0.0, -1.0, 0.0, 3.0, 0.0, 7.0, 11.0, 15.0, 8.0, 0.0, 1.0, -1.0, 3.0, 9.0, 12.0, 19.0, 1.0, -2.0, 3.0, -3.0, 10.0, 10.0, 13.0, 3.0, -1.0, 2.0, -2.0, -11.0, -20.0, -21.0, 5.0, 8.0, 
K
-1, -1, -1, -1, -1, -1, 1, 

-1.0, -1.5, -2.5, -3.0, -5.0, -11.0, -10.0, 
1.0
