63
7
21

-1.5393282308662837, -1.2289922870752998, 0.27805927003429676, 1.0166635754977456, -1.3772674033501866, -2.7849833758716427, -0.9606776650932733, -0.067693821099722, -1.0625526317853204, 0.5379340984065719, 2.8141248624214663, -1.2935933339709327, -0.24536643992189644, -0.03423278900872262, -0.44908791813824, -0.5539427418561687, 1.1136907131358544, 1.3961260128827764, 1.252523263347449, -0.377391995749946, 0.25221337585827874, 0.28942235005138417, -1.0415486862891723, 1.2311631308085156, 0.6015474120339463, 3.2638163891415237, 0.2148544039135638, -0.19094690229843803, -0.048184907903294105, -1.6752724858734944, 0.658692831611045, -0.4018977939894137, 1.83319260467722, -0.5932033407639938, 1.2847472723551467, -0.4142915708106648, 0.9307311467291229, 1.3095072095415636, 0.8129072364293557, 1.766196030184715, 1.5267705297997152, 0.16724224080910888, 0.3280016853906522, -0.2734021675223941, 1.5480025747687955, 1.310375669001274, 1.0255758680332743, 1.579968620170305, -0.21650144968180163, -0.25393398729445193, 0.46440247502152743, 1.344527225081956, 1.2355234174429683, -0.4842592202689051, 1.2001464760952407, 0.09836922848019214, -0.6332828597245462, 0.8708307272498153, -0.945512754619493, -1.3728114876393194, 0.2152313024820639, -0.4508671184191472, 0.5601333898184913, 
A
1, -1, -1, -1, -1, -1, -1, 
1.4636667003288863, 2.93125189143887, 0.8145490218640348, -0.6808256698046184, 1.0681659881152348, 0.009889477464320229, -0.4261570555613329, 1.1086117070359762, 1.9807728024855904, 2.914322101680855, 0.9231549247947128, 0.5944345224164085, 0.8311766388710462, 3.1982271108495666, 0.27100589465616, 2.9542024471223938, 2.1732210214754986, -1.778911672924115, 2.7324624059163245, 1.7137059383074957, 3.047059409670058, 0.7317317581471581, 2.189597490897031, -0.6870888828866437, 3.159602424472541, 1.1971131780242361, 2.447613829790045, 2.611446394191147, 0.9439062776714326, 1.5102988342488382, 0.9411271199208562, 3.5715764172058115, 1.6224113012385288, 2.958651573201604, 2.8874911544612174, 0.3068044812866608, 0.6694467952178966, 0.23655434532827746, 0.13267820802507435, 1.7906889782473576, -0.25482397986483096, 3.8465739981489593, 0.19011162012518668, -0.2168437796954532, 1.2561635617801368, 0.4487879816827185, 0.13398002759387428, -0.049464424649853234, 3.187004480320219, 1.5900674481416854, -1.9240542394226914, 2.730739760681482, 2.742962946683934, 1.7734299007939476, -2.07220767869197, 3.2264572360888315, 0.6453255000586119, 0.012145703070957414, -0.9675608844377983, 1.2969196241084613, 0.6291822852042159, -0.14589787995271808, 0.03188427300501173, 
B
-1, 1, -1, -1, -1, -1, -1, 
-2.6923929622301577, -2.1410002486694357, -0.4669811976548246, -1.261388570514037, 0.5867146551262264, -0.8357241702972451, 3.2308890151772687, 0.5647558742613503, 2.242832876315093, 3.0852197645729635, 1.153866078751732, 0.6213986809151806, 2.1060326128201923, 2.6605660000426017, 3.6063147476125907, -0.5213734588615057, 2.5335188236075874, -1.3230798816693843, 3.201736406175372, 1.9598725931120393, 0.5018922268976813, 3.983694332518903, -0.897006156571042, -2.2216279056770336, 1.699049635366551, -0.15520172822948697, 1.2161081373490155, 0.4437263048850467, 4.454498304208293, -2.335847855107663, -1.3797486030125992, 1.6296452283199532, -0.28888192182328654, 1.1691590686331814, 0.45894088289485513, 3.64413482014215, -2.9880875780836353, 0.5395938304039554, 1.366073986438251, 2.2498403709288484, -0.3479526985791641, -0.9710643473963227, 4.255325255142658, -4.155048233702672, 1.7294850254947693, 1.3409929503575109, 0.9625604257592644, -0.06597672715164427, 0.8167776754768763, 1.396738179186244, -1.2016953367482803, 2.893254316992669, 3.3720924091633777, 2.154591443692067, -1.4590647880142193, 2.2662240899999375, -4.190700548988216, -4.168038415614617, -1.2188488811031881, 1.2137675254688607, 0.35496029309467536, -1.783326203144425, 0.8144065542501029, 
C
-1, -1, 1, -1, -1, -1, -1, 
3.4343125830280554, 3.7539837189248706, 0.4703754508818454, -0.6183007111600416, 1.348855134289063, -3.2518030518682104, -0.6328503767249607, 2.627178211104095, 0.434894724317762, 3.327485071054566, 1.082754059304941, 0.8985172268582784, 3.7254241776371866, -1.213692401632138, -0.35230330812804755, 2.906170950695813, 3.376958739430748, -1.4580786803786667, 2.57965264489153, 2.065198687974698, 2.768465883260716, 0.21977776931020054, 3.405015125463223, -2.133706680871823, 2.2312812579017787, 0.31717994790448234, 1.2419289472616395, 6.0974851141261315, -0.1730883751097836, 2.485390378353487, -1.4444452632827172, 2.0607155263685955, 0.45388295474166607, 0.7174521524414852, 5.638694979902038, -0.12232785158116499, 0.8353001389093362, 0.6323053654366397, 0.7195456495806385, 2.0857208044707245, -0.3844576473913688, 4.605351433806566, -0.1467793757539564, -0.012533498927536968, 1.8775259093965966, 0.7114383867597609, 0.9148277323096214, -0.3635801446445882, 2.8812241987433773, 3.3183100067103606, -2.920740519586386, 2.916441114255722, 2.719642618616721, 1.6968827824192219, 1.1464931396670603, -0.09592061217790127, 1.8902033393662054, 2.199284110909452, -1.0489216323720694, 0.5906196039256417, 0.4875032580747236, -3.6035937708621057, 0.8806231356453209, 
D
-1, -1, -1, 1, -1, -1, -1, 
2.3376661206457072, 3.563799963790999, -0.27952836736858266, -1.8842786669632, 0.4150175900004385, 4.558053522795151, 6.140400312197812, 3.5176429075756817, -0.6914303496585057, 3.43537101143818, 1.1440416814691607, 1.3795985785202518, -3.6611911103471675, 4.129886343140118, 0.7128775467037589, 2.726033086178303, 3.1645408523729577, -0.8686818629147353, 5.694026751401626, 2.908396498197992, -4.634949513051566, 0.37989164655845364, 2.704685029715182, 0.37480924321026743, 7.534596281715858, 2.5310240276604388, 1.455957375567548, -1.8790321258772396, 0.8842641197596066, 3.3330896957383502, 4.434956444940553, 7.919612800809496, 4.7104639389747565, 1.6086526644211858, -1.1735773161812446, 0.8760731820468326, 0.8598606695410631, 1.7328730666322225, 4.4037556851681465, 2.4638505758093245, 0.49728841711152505, -2.4376343922330674, 0.8742278358856188, -0.043102237656079456, 2.0662048967495767, 1.48360781292312, 1.8242853276445672, 0.09419443214728629, -4.6794993579703075, 3.622066019882027, -3.021776277155695, 3.8874170220674396, 3.701985529026243, 2.2815281507440908, -6.042841993257668, 5.713944933563057, 1.1396332787245527, 1.3677016557094865, -1.8949094912840039, 0.22514109329198306, -0.44532855211166256, 3.8909558662112613, 8.235012138399984, 
E
-1, -1, -1, -1, 1, -1, -1, 
-7.5301366000251, -6.859841511385086, -11.159644246711505, -7.775229832006103, -5.358164159009841, 1.272875577550861, 0.9157529926075685, 3.0094888657910843, -7.437936711879347, 6.876775582842829, 5.03592884445257, 4.517291495033547, 7.005129177458624, -2.477102684848716, -0.24729926021568382, -4.313983768344017, 6.54214073593424, 3.4535130206858393, 4.687432682309134, 13.199049922596835, -0.9173177003316884, 0.32563742466054757, -4.0800738381524395, 0.31769149135488717, 1.060450424935147, 2.3658038317450214, 12.404614142173918, 2.475322487370832, -0.16427899694825054, -6.617450601978741, -1.818944100311107, 0.6838309279414085, -0.24794294574847542, 12.330121218111893, 1.5881141171747357, -0.2470712226511249, -6.44482666974555, 5.020235436397784, 2.0398279800106316, 6.4294497202943495, 10.558631925038107, 1.1382924475334217, 0.17587898794294565, -1.1735917822594764, 6.0240506755589935, 4.93627032753599, 5.360679262270635, 10.930547072100524, -1.28723593666372, 2.846590551928266, -3.4275057320598696, 6.552295433187009, 7.46138418665797, 5.789568761885214, 3.6976456604472254, -1.186495284256377, -9.064532912803335, -8.86836496804766, -4.875278212366112, -2.8439748885709557, -3.5765024924539564, -6.907672665253297, -1.6801431823748403, 
J
-1, -1, -1, -1, -1, 1, -1, 
3.6476631915226707, 2.895132995554544, -1.2434779324160088, -14.4340026497357, -12.911602747246615, 1.1105726046473434, 3.1719060955650034, 4.5838797227861825, 3.246425434103663, 7.449491834363197, 4.626842431539529, 12.419335069403587, -0.4009376315505575, -2.2696538055674003, 2.2573774305969625, 5.948779686911628, 6.74675943552587, 9.866334709381832, 9.923452695872799, 0.6338644318101343, -0.608586326218242, 2.4965584617396726, 6.183810089364892, 7.080598958775264, 6.339706130915092, 2.3199501957040356, 0.15610945583713365, 1.6908496996688598, 1.6827448497375066, 5.281541926510478, 7.857382734200492, 1.4097822086226461, -0.3324537086814332, -0.49229284343966917, 1.562330156773946, 2.023013849549585, 3.546396101837234, 7.290335408510737, 11.565597883807493, 6.063687960000465, -1.1331114206600743, 1.4794662187585201, 2.489058350735757, -0.8476241272778067, 6.248451681992092, 7.359730755418797, 14.936248231189902, -1.488341247996162, -1.319577971802058, 5.458019255106599, -5.136498755305888, 7.472436360859211, 6.772242741703206, 7.75811265996504, 1.5109458225476864, -0.9795450250814342, 3.1881143288433993, 1.4825875976791876, -6.883579036849088, -15.180757480849405, -16.29356354393471, 4.943123379630267, 7.921495611228096, 
K
-1, -1, -1, -1, -1, -1, 1, 

-1.0747518535419345, -2.673609704413224, -3.437247687335819, -2.7143743014965023, -3.4154045891590368, -7.356210172451405, -7.101869185844929, 
1.0
